3433 1110 4048 3697
3394 1106 4070 3718
3389 1118 4066 3716
3394 1139 4042 3712
3398 1178 3976 3736
3379 1258 3806 3844
3261 1355 3576 4095
3033 1399 3441 318
2859 1410 3384 539
2790 1430 3346 625
2773 1461 3310 648
2770 1496 3275 651
2770 1531 3244 648
2770 1565 3217 641
2770 1599 3192 631
2770 1633 3171 618
2770 1666 3153 603
2770 1698 3138 585
2770 1730 3126 565
2770 1762 3117 543
2770 1793 3112 518
2770 1823 3109 491
2770 1852 3108 462
2770 1880 3111 431
2770 1907 3117 398
2770 1933 3126 364
2770 1957 3138 327
2770 1980 3153 290
2770 2001 3171 251
2770 2021 3191 2103433 1110 4048 3697
3394 1106 4070 3718
3389 1118 4066 3716
3394 1139 4042 3712
3398 1178 3976 3736
3379 1258 3806 3844
3261 1355 3576 4095
3033 1399 3441 318
2859 1410 3384 539
2790 1430 3346 625
2773 1461 3310 648
2770 1496 3275 651
2770 1531 3244 648
2770 1565 3217 641
2770 1599 3192 631
2770 1633 3171 618
2770 1666 3153 603
2770 1698 3138 585
2770 1730 3126 565
2770 1762 3117 543
2770 1793 3112 518
2770 1823 3109 491
2770 1852 3108 462
2770 1880 3111 431
2770 1907 3117 398
2770 1933 3126 364
2770 1957 3138 327
2770 1980 3153 290
2770 2001 3171 251
2770 2021 3191 210
3433 1110 4048 3697
3395 1104 4070 3719
3391 1114 4065 3717
3396 1135 4041 3716
3400 1173 3971 3743
3378 1255 3791 3863
3222 1352 3562 55
2904 1383 3449 456
2711 1381 3423 677
2660 1405 3393 734
2653 1441 3356 743
2652 1478 3321 741
2652 1515 3290 735
2652 1551 3263 725
2652 1587 3241 712
2652 1621 3222 697
2652 1655 3206 678
2652 1688 3194 657
2652 1721 3186 633
2652 1752 3181 607
2652 1782 3180 578
2652 1811 3182 547
2652 1839 3187 513
2652 1866 3196 478
2652 1890 3209 441
2652 1914 3225 401
2652 1935 3244 361
2652 1954 3267 318
2652 1971 3295 274
2652 1986 3326 228
3433 1110 4048 3697
3395 1104 4070 3719
3391 1114 4065 3717
3396 1135 4041 3716
3400 1173 3971 3743
3378 1255 3791 3863
3222 1352 3562 55
2904 1383 3449 456
2711 1381 3423 677
2660 1405 3393 734
2653 1441 3356 743
2652 1478 3321 741
2652 1515 3290 735
2652 1551 3263 725
2652 1587 3241 712
2652 1621 3222 697
2652 1655 3206 678
2652 1688 3194 657
2652 1721 3186 633
2652 1752 3181 607
2652 1782 3180 578
2652 1811 3182 547
2652 1839 3187 513
2652 1866 3196 478
2652 1890 3209 441
2652 1914 3225 401
2652 1935 3244 361
2652 1954 3267 318
2652 1971 3295 274
2652 1986 3326 228
